23.3114
27.6329
27.4107
27.9363
24.9008
30.7583
25.7050
23.2640
26.3325
27.0013
26.1463
25.5167
27.0109
28.2231
24.4367
24.9134
30.8098
30.9287
25.7965
26.0918
23.1046
24.2848
25.7713
25.5819
26.5751
25.9514
27.3411
30.7932
21.1205
27.2618
21.4840
23.6272
25.0552
31.4574
25.6520
26.4557
26.4539
26.4364
30.1967
26.8964
25.4402
26.9878
27.2195
25.1396
31.8093
23.4369
23.8186
26.6574
29.7237
24.4044
25.6191
30.1271
29.3802
26.3628
24.7708
21.2077
25.9753
29.2430
28.5423
29.1986
27.8811
31.3638
23.5764
24.4420
26.3936
35.5904
21.5568
23.0734
26.5378
0.7284
0.8791
0.8967
0.8641
0.7986
0.9214
0.8249
0.7438
0.8430
0.8378
0.8759
0.7902
0.8317
0.8832
0.7904
0.8486
0.9066
0.9254
0.8269
0.8694
0.8419
0.7959
0.8566
0.8511
0.9026
0.8201
0.8528
0.9148
0.7558
0.8355
0.7178
0.7639
0.8763
0.9282
0.8151
0.6978
0.8022
0.8060
0.9319
0.8513
0.8171
0.8621
0.8967
0.8329
0.9131
0.7716
0.7473
0.9116
0.8902
0.7719
0.8387
0.8936
0.8531
0.8475
0.7870
0.6667
0.8029
0.8563
0.8497
0.8677
0.8574
0.9563
0.7799
0.7339
0.8353
0.9831
0.7805
0.8035
0.8369
