27.5651
14.2358
16.5037
16.1035
29.2620
16.0636
16.7708
16.4463
16.1719
19.4699
29.6982
28.6499
29.7399
24.4446
27.8957
15.1362
17.4464
16.4087
29.4443
16.7040
15.8241
27.9173
28.3921
30.3414
15.2529
14.1453
15.8076
32.0396
26.3361
30.7316
25.6369
26.3932
15.8545
15.6283
18.5189
18.9032
15.0133
27.9145
31.1299
21.1665
15.5534
19.6799
17.9192
15.8882
16.7867
28.1016
17.8328
30.5848
15.4244
28.3341
17.6973
16.2368
21.9753
29.4612
15.6937
25.3489
15.3920
14.5448
14.3123
24.3873
15.3237
29.3817
16.2712
26.4976
28.6002
18.6860
16.3704
27.0510
21.4183
0.8749
0.1694
0.2871
0.2668
0.9119
0.1974
0.3719
0.3300
0.2985
0.4553
0.9291
0.8891
0.8939
0.7986
0.8951
0.3836
0.2783
0.2130
0.9044
0.3043
0.4359
0.9001
0.8802
0.9373
0.2680
0.2042
0.2329
0.9067
0.9118
0.9059
0.8824
0.8762
0.3279
0.2049
0.4684
0.2861
0.1372
0.8783
0.9119
0.5407
0.2665
0.4635
0.4299
0.2898
0.2210
0.8999
0.4083
0.9430
0.1710
0.8892
0.4421
0.1866
0.4944
0.9002
0.3116
0.8583
0.2035
0.1184
0.1240
0.6453
0.1822
0.9008
0.3681
0.8374
0.8872
0.3266
0.4943
0.8601
0.5423
