21.9789
23.1650
24.5724
25.3746
22.2445
25.3128
23.8892
22.1650
24.4203
24.9639
22.9476
24.0307
24.6289
25.7488
22.9122
22.5112
26.1476
26.3077
23.0856
23.8456
20.7290
21.9352
23.7203
23.3875
24.6294
23.6285
24.9523
24.0499
19.8626
24.8228
19.8114
22.4555
23.0377
25.7134
23.7176
23.7952
23.9558
24.0658
26.4378
23.7897
23.0784
25.0659
24.6716
21.9232
26.3010
21.6649
22.7645
23.4520
24.3521
22.0075
23.4413
24.9832
25.6211
23.8069
23.0822
20.1246
24.1645
24.4777
25.3393
25.6027
25.1769
26.3587
22.0528
23.0334
24.3734
26.3589
20.3196
20.6534
23.7206
0.5967
0.5741
0.7128
0.7150
0.5695
0.6558
0.7084
0.6469
0.7118
0.6967
0.6885
0.6898
0.6749
0.7478
0.6520
0.7025
0.6788
0.7138
0.6131
0.6737
0.6584
0.6236
0.7088
0.6921
0.7443
0.6424
0.6931
0.5751
0.6106
0.6799
0.5351
0.6651
0.7042
0.6919
0.6681
0.5744
0.6148
0.6350
0.7813
0.6479
0.6316
0.7439
0.7423
0.5737
0.6859
0.6172
0.6503
0.7193
0.5840
0.5575
0.7257
0.6227
0.6564
0.6760
0.6581
0.5195
0.6524
0.5875
0.6622
0.6775
0.6842
0.7561
0.6428
0.6095
0.6698
0.7103
0.6661
0.5641
0.6590
