28.5173
32.9483
32.8922
33.5111
30.3191
35.5707
31.5320
29.1645
31.7648
32.3721
32.2209
31.1647
32.2891
33.5940
30.0619
31.2512
35.2411
35.6383
30.9689
31.7696
29.6343
30.1001
32.1015
31.6167
32.3847
31.1537
32.6866
35.7383
27.6790
32.6185
27.7085
29.5186
30.8713
35.7208
30.7255
29.3688
30.9305
31.9078
36.8749
31.9748
30.7749
32.4220
33.3955
31.1527
36.3422
29.2964
29.4176
33.2575
33.6442
29.5433
31.3374
34.2514
33.3095
31.9966
30.4134
27.0802
30.9329
32.7979
32.5242
33.3144
32.7904
36.9590
29.5414
29.1430
31.6178
41.2552
27.6929
29.2636
31.9055
0.9014
0.9583
0.9566
0.9552
0.9369
0.9685
0.9433
0.9212
0.9463
0.9416
0.9629
0.9312
0.9438
0.9560
0.9272
0.9528
0.9595
0.9693
0.9383
0.9497
0.9577
0.9369
0.9594
0.9546
0.9712
0.9334
0.9461
0.9646
0.9407
0.9416
0.9308
0.9353
0.9636
0.9607
0.9311
0.8432
0.9242
0.9373
0.9803
0.9321
0.9388
0.9433
0.9657
0.9550
0.9653
0.9251
0.9247
0.9751
0.9420
0.9219
0.9376
0.9474
0.9303
0.9456
0.9298
0.9167
0.9357
0.9284
0.9292
0.9373
0.9393
0.9811
0.9394
0.9002
0.9413
0.9917
0.9424
0.9500
0.9433
