26.0580
30.4848
30.4885
30.9430
27.7177
33.4382
28.9326
26.4001
29.2754
29.9368
29.5315
28.6395
29.8507
31.1748
27.4286
28.4498
33.2436
33.4585
28.4756
29.1378
26.6700
27.4904
29.2106
28.9103
29.6886
28.7857
30.2946
33.4881
24.5560
30.1813
24.7670
26.7989
28.1065
34.0041
28.3358
27.7423
28.7355
29.3703
34.0775
29.7601
28.2790
29.9950
30.7213
28.3871
34.2869
26.6384
26.7776
30.3765
31.8353
27.0694
28.8124
32.3753
31.4165
29.5053
27.8491
24.1778
28.4874
31.0564
30.6033
31.3745
30.5312
34.6951
26.7347
26.8826
29.2139
38.9502
24.8207
26.2896
29.4438
0.8383
0.9311
0.9366
0.9243
0.8892
0.9518
0.9043
0.8615
0.9104
0.9051
0.9367
0.8849
0.9057
0.9315
0.8791
0.9193
0.9393
0.9527
0.8977
0.9204
0.9238
0.8918
0.9277
0.9215
0.9490
0.8935
0.9150
0.9457
0.8830
0.9047
0.8659
0.8811
0.9356
0.9486
0.8869
0.7693
0.8761
0.8934
0.9667
0.9025
0.8950
0.9129
0.9433
0.9177
0.9471
0.8740
0.8657
0.9566
0.9203
0.8682
0.9003
0.9256
0.8980
0.9127
0.8811
0.8351
0.8863
0.8978
0.8954
0.9090
0.9081
0.9732
0.8885
0.8369
0.9043
0.9890
0.8917
0.9039
0.9065
