25.8836
29.7989
25.0614
27.5765
27.4525
31.5062
19.1781
21.5535
22.0759
26.5331
21.0024
20.1727
28.4130
27.7222
27.0108
14.3925
29.4993
31.5922
18.0963
24.1513
23.1252
16.3890
18.6970
23.1052
21.0544
28.3592
27.3211
29.5417
16.3626
28.4276
16.2930
14.9936
20.1356
32.2924
18.2047
25.0484
28.0084
14.6432
24.2752
29.1521
22.3661
24.0494
22.6679
27.3484
18.8806
26.3127
18.1953
23.5732
30.7734
26.6499
22.1059
31.0486
30.1563
17.3835
27.5477
17.7693
18.2386
29.6618
28.9971
21.1590
28.0001
27.3643
16.5305
15.3784
23.6602
30.7207
16.8670
19.0283
23.7726
0.8278
0.9178
0.7107
0.8477
0.8829
0.9179
0.4683
0.5831
0.5799
0.8290
0.6112
0.4868
0.8673
0.8441
0.8687
0.3669
0.8736
0.9168
0.3771
0.6627
0.7524
0.4040
0.4453
0.6738
0.5123
0.8821
0.8182
0.8530
0.4169
0.8619
0.4140
0.2985
0.5168
0.9232
0.3805
0.6273
0.8588
0.2127
0.6743
0.8889
0.6059
0.6443
0.6255
0.8962
0.3039
0.8622
0.4132
0.7034
0.8979
0.8539
0.5964
0.8994
0.8684
0.3824
0.8716
0.4063
0.3453
0.8625
0.8562
0.4198
0.8257
0.7951
0.3788
0.2343
0.6307
0.9040
0.5170
0.4924
0.6610
