37.7256
38.7707
40.5931
43.2351
43.4962
43.4946
42.9109
44.1999
43.5449
40.4784
41.8688
38.1624
39.2129
40.9547
38.8902
41.6275
41.3435
44.0662
42.3763
43.6103
42.2234
42.7340
43.0413
43.2745
41.0021
43.0107
43.4224
43.3849
41.4297
41.6764
41.0679
42.9123
43.5224
42.3460
44.9405
40.8202
40.7513
42.3492
41.1376
43.2997
40.3472
42.6143
41.1421
42.8384
43.1334
43.2902
41.2501
43.0491
43.5409
43.4362
41.5522
43.9809
41.9642
44.0449
45.9794
42.5160
45.5196
41.3220
41.8466
44.6362
42.2470
45.6218
40.7948
44.6711
42.4934
42.9295
43.1803
43.2035
41.1104
43.1336
43.4634
43.4826
42.2131
41.3682
41.5572
41.3239
41.0398
43.1299
44.3704
40.6431
42.1608
41.5755
41.3772
42.3781
42.1446
41.1631
40.6966
42.9279
43.3754
43.5683
40.6274
43.0137
43.6536
43.7416
43.0881
45.2319
44.3214
44.4138
45.4226
43.7359
45.3507
40.1603
44.8283
45.9238
43.1599
45.2595
44.1207
43.4824
43.7287
42.4389
43.4101
43.2370
39.6209
42.6762
42.7608
43.6661
43.4389
41.1798
43.0875
43.5148
43.2915
42.5384
41.1480
39.7946
43.5259
40.0393
40.8958
42.1007
42.9403
40.8724
37.7526
37.2657
40.6657
43.0188
43.1022
43.5132
40.7920
38.6119
37.0796
37.1599
43.0594
44.0493
44.1643
40.2955
43.6229
43.6044
43.0996
43.2641
42.2106
42.3458
37.8302
41.9530
43.6472
43.2678
42.1646
42.7019
43.6761
43.3209
42.6928
43.7124
43.7806
45.3477
45.4548
45.2277
46.5594
42.4929
43.7643
45.9913
42.5737
45.2212
41.1693
44.3579
42.9947
42.5328
43.3757
43.4483
42.5482
43.1091
43.3185
43.4149
42.4078
42.8969
43.3106
42.6034
42.8184
42.1886
41.7444
42.3128
41.4777
42.5590
41.6948
42.7897
41.1107
41.0043
40.4493
42.7926
43.2756
43.5605
40.6298
43.2130
43.5524
43.3625
42.6884
45.0579
43.7300
41.8676
44.2348
39.8451
42.7744
40.7328
39.8354
44.4144
42.3258
45.9206
42.4478
44.5493
42.7716
42.5124
43.2058
43.2716
42.5635
0.9710
0.9736
0.9753
0.9797
0.9785
0.9775
0.9796
0.9868
0.9849
0.9824
0.9856
0.9754
0.9812
0.9764
0.9721
0.9817
0.9777
0.9862
0.9813
0.9837
0.9793
0.9757
0.9741
0.9780
0.9747
0.9794
0.9776
0.9776
0.9761
0.9803
0.9785
0.9845
0.9867
0.9836
0.9887
0.9729
0.9795
0.9881
0.9810
0.9866
0.9780
0.9819
0.9762
0.9763
0.9734
0.9778
0.9737
0.9781
0.9778
0.9769
0.9771
0.9848
0.9813
0.9869
0.9891
0.9846
0.9903
0.9739
0.9824
0.9917
0.9842
0.9902
0.9809
0.9865
0.9816
0.9775
0.9760
0.9787
0.9740
0.9789
0.9787
0.9784
0.9789
0.9810
0.9807
0.9814
0.9825
0.9838
0.9869
0.9713
0.9833
0.9843
0.9823
0.9861
0.9835
0.9809
0.9776
0.9774
0.9771
0.9789
0.9744
0.9784
0.9799
0.9789
0.9793
0.9888
0.9866
0.9890
0.9899
0.9859
0.9890
0.9731
0.9873
0.9900
0.9860
0.9912
0.9878
0.9873
0.9853
0.9765
0.9781
0.9783
0.9748
0.9767
0.9764
0.9797
0.9790
0.9718
0.9803
0.9815
0.9833
0.9832
0.9808
0.9793
0.9786
0.9792
0.9813
0.9829
0.9839
0.9796
0.9714
0.9665
0.9707
0.9782
0.9779
0.9773
0.9688
0.9657
0.9611
0.9645
0.9801
0.9825
0.9831
0.9691
0.9823
0.9834
0.9822
0.9825
0.9796
0.9800
0.9669
0.9726
0.9781
0.9781
0.9722
0.9776
0.9787
0.9755
0.9741
0.9778
0.9790
0.9869
0.9871
0.9876
0.9903
0.9724
0.9864
0.9911
0.9854
0.9904
0.9834
0.9891
0.9864
0.9728
0.9759
0.9770
0.9722
0.9782
0.9770
0.9742
0.9741
0.9779
0.9796
0.9828
0.9841
0.9836
0.9842
0.9738
0.9810
0.9843
0.9812
0.9853
0.9812
0.9799
0.9772
0.9739
0.9742
0.9784
0.9746
0.9795
0.9781
0.9762
0.9795
0.9886
0.9860
0.9877
0.9910
0.9823
0.9901
0.9744
0.9762
0.9886
0.9817
0.9885
0.9820
0.9865
0.9819
0.9754
0.9760
0.9786
0.9802
