33.4027
33.7271
36.5073
36.3764
35.8152
35.6265
25.2365
28.3907
26.2206
21.9380
21.8700
22.2042
21.8451
36.4741
19.8564
18.2583
20.8397
26.8708
25.3683
26.8866
26.5188
26.7117
34.0886
33.3582
36.6617
35.8836
36.3993
36.3929
23.1771
20.8325
21.1284
24.9005
25.1931
23.7655
23.9216
36.6870
21.7755
20.3720
22.3513
27.7992
25.6592
19.6961
19.9269
26.7485
34.2081
33.3701
36.3947
35.4021
35.6695
36.4048
23.1319
20.6114
20.9113
25.0770
25.3490
23.7323
23.8918
36.3937
21.5874
20.1717
22.2320
28.5953
26.1181
19.4633
19.6941
26.6724
34.0001
32.8772
32.3538
35.4879
35.7618
36.7065
24.6918
25.3999
24.8168
26.5001
26.7175
24.3536
24.7401
29.0048
25.4621
27.7142
25.5088
25.1471
24.5533
22.8882
22.9044
26.5810
33.7637
33.8988
35.5361
35.9965
36.0409
36.9374
25.5369
30.1809
26.9599
29.6190
29.7681
24.8097
25.4111
35.2260
26.6803
33.4970
26.8836
25.9242
25.0829
23.0382
23.0281
26.4671
34.7774
34.0435
34.4815
34.1377
35.5578
36.0812
34.6428
23.7460
24.2186
24.0880
24.7394
24.8763
24.2207
24.4971
34.5678
24.8774
25.6199
25.0039
24.6797
24.7417
24.5069
24.0937
25.1319
34.1576
33.5946
35.7586
23.2559
22.1910
22.4348
23.6362
23.4214
23.9080
24.4255
27.7331
24.2918
24.8415
24.0821
24.5331
23.7126
24.2482
24.2870
26.9398
36.5082
36.2046
37.0616
35.6837
36.9629
35.0566
23.1075
21.3450
21.6565
24.7524
24.8440
26.4578
29.5119
36.2730
27.8259
34.9164
27.9401
34.7973
27.6355
31.7513
29.9923
26.6046
36.6650
36.4200
35.7418
35.7635
35.1536
36.3472
23.4845
22.0709
22.2589
23.9038
24.0714
24.9261
26.1161
35.8743
25.0538
25.5397
25.1151
27.6352
25.6088
26.8940
26.3757
26.6217
36.4578
35.3669
36.6696
36.1320
35.5421
35.3802
25.4427
30.8993
27.0137
21.7850
21.6611
22.0039
21.6647
36.8315
19.4112
17.7528
20.4869
27.5961
25.5180
28.1759
27.5570
26.5712
34.6871
34.2996
28.0974
0.8033
0.8254
0.8924
0.8510
0.8672
0.8797
0.7468
0.8483
0.8112
0.8121
0.8230
0.7692
0.7921
0.8931
0.7067
0.6495
0.7106
0.8239
0.7679
0.7904
0.7664
0.7869
0.8689
0.8619
0.8891
0.8484
0.8646
0.8772
0.7138
0.7056
0.7059
0.8175
0.8325
0.7705
0.7891
0.8806
0.7848
0.8034
0.7861
0.8588
0.8002
0.6957
0.6842
0.7899
0.8692
0.8614
0.8746
0.8421
0.8621
0.8697
0.7161
0.7109
0.7059
0.8191
0.8368
0.7673
0.7904
0.8681
0.7780
0.8037
0.7879
0.8709
0.8095
0.6940
0.6805
0.7885
0.8685
0.8602
0.8443
0.8396
0.8594
0.8674
0.7329
0.8024
0.7755
0.8298
0.8432
0.7594
0.7861
0.8021
0.7989
0.8520
0.8043
0.8287
0.7807
0.7137
0.6990
0.7767
0.8643
0.8537
0.8373
0.8307
0.8477
0.8634
0.7477
0.8831
0.8274
0.8888
0.8984
0.7712
0.8026
0.8200
0.8205
0.8997
0.8387
0.8729
0.8152
0.7240
0.7096
0.7673
0.8620
0.8488
0.8438
0.8210
0.8180
0.8469
0.8525
0.6685
0.6935
0.6940
0.7314
0.7449
0.7173
0.7336
0.8414
0.7436
0.7665
0.7502
0.7548
0.7428
0.7320
0.7006
0.7233
0.8535
0.8393
0.8582
0.6525
0.5971
0.6252
0.6917
0.6870
0.7153
0.7427
0.7947
0.7319
0.7523
0.7181
0.7293
0.6903
0.7091
0.7120
0.7729
0.8504
0.8401
0.8663
0.8354
0.8592
0.8600
0.6486
0.5508
0.5739
0.7606
0.7752
0.8303
0.8910
0.8769
0.8529
0.9152
0.8486
0.9113
0.8306
0.8933
0.8702
0.7718
0.8544
0.8475
0.8850
0.8387
0.8515
0.8647
0.6671
0.5972
0.6139
0.7448
0.7638
0.7980
0.8442
0.8888
0.8125
0.8407
0.7984
0.8429
0.7816
0.8133
0.7927
0.7752
0.8618
0.8558
0.8902
0.8482
0.8593
0.8700
0.7513
0.8772
0.8275
0.8297
0.8392
0.7704
0.7920
0.8902
0.6952
0.6314
0.6997
0.8374
0.7710
0.8047
0.7797
0.7822
0.8690
0.8620
0.7963
