37.4820
38.6158
40.2801
43.3002
43.9130
43.9696
43.1151
43.1293
43.1822
39.1639
40.7170
38.1622
39.3284
40.8328
38.4672
41.8546
40.6357
44.1179
42.2374
41.5623
40.7826
42.8926
43.5273
43.7723
40.7792
43.1978
43.5587
43.8756
41.4273
41.4753
40.4181
42.4837
43.4092
42.0986
45.5194
40.6008
40.8605
43.6616
40.6568
41.8670
39.7684
42.5082
40.1519
43.0463
43.5134
43.7805
41.0935
42.8955
43.7995
43.7632
41.6785
44.5157
41.3972
43.4595
45.0752
42.2434
46.0627
41.0384
41.7885
48.0591
41.5620
43.2514
40.1707
45.5170
41.5724
43.0665
43.5110
43.6950
40.7451
43.3030
43.8134
44.1494
42.3851
40.9258
41.2559
40.9589
41.0325
43.7453
45.3382
40.2571
42.4690
41.6692
41.5717
43.1906
42.6185
41.0170
40.3100
43.2421
43.8378
43.7996
40.2899
43.2093
43.9142
44.0870
43.4281
45.6644
44.8567
43.5182
45.3936
44.7312
46.8262
40.0525
44.5641
45.2122
42.9917
47.4055
45.2090
44.5333
43.8551
42.6006
43.8767
43.8286
39.3317
42.7117
42.7186
43.8727
44.0082
41.4479
43.4223
43.8685
43.0430
42.3623
41.5938
40.2462
43.9382
40.3009
41.0129
42.3330
43.3414
41.3540
38.5098
37.5573
40.9047
43.5785
43.3761
43.9593
41.2330
39.0828
37.3336
37.3524
43.5929
44.5147
44.6135
39.9536
44.1304
44.3063
43.5405
44.0673
42.7469
43.2965
38.1527
42.0860
43.7213
43.5590
42.1256
42.9966
43.9206
43.8821
43.5389
44.8606
45.1671
45.7690
45.8756
45.7126
46.3639
42.5573
44.2609
46.3020
42.8422
46.0414
41.2554
45.5160
43.4535
42.6221
43.6949
43.6321
42.5540
43.2268
43.7896
43.6174
43.0063
43.7149
44.3262
42.7018
43.1119
41.8584
41.3607
42.0622
41.2880
42.3278
41.5099
42.7371
41.0624
41.1341
40.6257
42.7468
43.4790
43.9118
40.4280
43.1484
43.8631
44.0841
42.7091
43.9893
43.4320
41.4322
45.5318
39.9254
43.3901
40.3419
39.4809
46.0846
41.7521
46.5568
42.6067
42.8856
41.6096
42.7841
43.6271
43.6347
42.6933
0.9689
0.9723
0.9750
0.9783
0.9777
0.9772
0.9788
0.9846
0.9830
0.9789
0.9821
0.9743
0.9808
0.9762
0.9696
0.9816
0.9745
0.9841
0.9792
0.9794
0.9748
0.9747
0.9739
0.9772
0.9744
0.9781
0.9770
0.9771
0.9759
0.9799
0.9769
0.9821
0.9845
0.9814
0.9862
0.9726
0.9778
0.9876
0.9792
0.9861
0.9784
0.9816
0.9751
0.9755
0.9731
0.9771
0.9731
0.9767
0.9772
0.9765
0.9768
0.9848
0.9797
0.9841
0.9869
0.9822
0.9877
0.9733
0.9802
0.9913
0.9819
0.9889
0.9807
0.9861
0.9801
0.9764
0.9756
0.9780
0.9728
0.9773
0.9779
0.9779
0.9783
0.9796
0.9791
0.9802
0.9816
0.9821
0.9853
0.9700
0.9814
0.9822
0.9808
0.9849
0.9822
0.9779
0.9740
0.9763
0.9766
0.9780
0.9729
0.9771
0.9787
0.9782
0.9787
0.9879
0.9857
0.9876
0.9887
0.9846
0.9874
0.9712
0.9852
0.9878
0.9845
0.9901
0.9869
0.9847
0.9819
0.9755
0.9774
0.9775
0.9736
0.9753
0.9748
0.9786
0.9781
0.9706
0.9791
0.9801
0.9812
0.9812
0.9784
0.9768
0.9778
0.9768
0.9789
0.9809
0.9820
0.9784
0.9724
0.9661
0.9704
0.9774
0.9768
0.9769
0.9690
0.9667
0.9618
0.9642
0.9786
0.9809
0.9816
0.9680
0.9809
0.9821
0.9809
0.9816
0.9789
0.9792
0.9669
0.9717
0.9770
0.9764
0.9720
0.9761
0.9779
0.9751
0.9742
0.9774
0.9788
0.9837
0.9843
0.9857
0.9878
0.9724
0.9856
0.9895
0.9846
0.9893
0.9822
0.9882
0.9857
0.9719
0.9749
0.9756
0.9723
0.9767
0.9763
0.9740
0.9737
0.9774
0.9792
0.9798
0.9811
0.9815
0.9819
0.9737
0.9795
0.9823
0.9796
0.9837
0.9796
0.9799
0.9772
0.9726
0.9735
0.9771
0.9746
0.9781
0.9774
0.9761
0.9787
0.9873
0.9849
0.9874
0.9909
0.9808
0.9895
0.9740
0.9736
0.9885
0.9789
0.9869
0.9805
0.9837
0.9789
0.9745
0.9756
0.9779
0.9790
