37.8292
38.9401
40.8261
44.2049
44.7384
44.7608
44.7542
46.2519
46.0786
41.6919
42.8728
40.0406
40.6522
41.3102
39.2543
41.1817
40.8454
45.7750
43.3659
45.4781
43.4621
44.1726
44.3037
44.8122
41.3036
44.0448
44.4130
44.5386
42.9003
41.7213
41.2267
44.4900
45.0945
43.9756
46.9332
41.1089
41.8556
42.8189
41.9971
46.0286
43.0124
41.7014
40.2732
44.1252
44.3999
44.8769
41.5906
43.9626
44.7724
44.4562
43.7414
44.7527
42.7570
45.5614
47.0084
44.4030
47.9328
41.5906
43.4390
46.6214
43.4912
48.2148
43.4413
44.5257
42.0830
44.4506
44.3488
44.6834
41.3253
44.3069
44.7529
44.6991
43.7456
42.6864
42.9825
43.0243
42.3655
44.5097
45.6865
40.8388
42.7977
42.0208
42.8170
43.8512
43.5063
41.6198
41.1405
44.6620
44.8336
45.1171
40.8775
44.2649
44.8808
44.9995
44.8703
48.0509
46.6345
46.7175
48.2036
45.5249
47.5040
40.5787
46.6660
48.7441
46.2814
48.0701
46.6586
44.6746
44.2740
44.1254
44.7630
44.8307
39.7675
43.3908
43.6519
44.9376
44.7623
42.3492
44.2182
44.7622
44.3428
43.3074
41.8829
40.3129
44.6063
40.5318
41.5639
43.2113
43.9502
42.4302
39.6554
39.2718
42.0623
44.3228
44.4730
44.6037
42.3939
41.1281
40.0634
39.9723
44.2728
45.0078
45.1056
40.6049
44.9639
44.7698
44.6603
44.4891
43.9011
43.7092
39.9874
43.1159
44.6996
44.4942
42.7205
43.8538
45.0797
44.4219
44.3103
45.3514
45.1267
47.1563
47.1118
47.4716
49.0708
43.2692
46.7515
49.3307
46.0073
48.9489
44.7240
47.9781
45.8432
43.7861
44.4753
44.7486
43.2709
44.2087
44.3891
44.2746
43.8290
44.2987
44.5860
43.5736
43.8538
43.6823
43.2680
42.8381
42.2127
42.1535
42.5837
44.2347
43.1921
43.2627
42.4783
43.9805
44.4125
45.1140
40.9164
44.2303
44.7052
44.5673
44.8695
48.1412
46.7846
43.4982
46.2772
42.6565
46.7592
40.9307
40.5329
43.8083
41.6621
47.5908
43.2399
47.1293
44.1255
43.9357
44.3458
44.6294
43.9183
0.9735
0.9753
0.9750
0.9808
0.9788
0.9777
0.9821
0.9891
0.9881
0.9853
0.9869
0.9806
0.9841
0.9763
0.9747
0.9838
0.9779
0.9883
0.9839
0.9863
0.9822
0.9772
0.9745
0.9791
0.9744
0.9806
0.9778
0.9777
0.9790
0.9811
0.9805
0.9877
0.9891
0.9866
0.9910
0.9725
0.9818
0.9880
0.9838
0.9904
0.9846
0.9817
0.9770
0.9779
0.9738
0.9792
0.9735
0.9796
0.9788
0.9773
0.9806
0.9865
0.9839
0.9894
0.9910
0.9877
0.9924
0.9737
0.9849
0.9927
0.9872
0.9926
0.9863
0.9876
0.9836
0.9794
0.9766
0.9798
0.9738
0.9810
0.9800
0.9789
0.9814
0.9840
0.9838
0.9863
0.9868
0.9867
0.9890
0.9719
0.9859
0.9866
0.9863
0.9885
0.9867
0.9823
0.9794
0.9797
0.9779
0.9807
0.9755
0.9812
0.9814
0.9800
0.9820
0.9910
0.9891
0.9923
0.9928
0.9890
0.9915
0.9754
0.9902
0.9928
0.9906
0.9933
0.9910
0.9891
0.9867
0.9790
0.9793
0.9803
0.9758
0.9786
0.9790
0.9815
0.9803
0.9749
0.9829
0.9843
0.9862
0.9859
0.9838
0.9820
0.9803
0.9819
0.9843
0.9862
0.9867
0.9842
0.9786
0.9747
0.9740
0.9792
0.9798
0.9783
0.9728
0.9747
0.9743
0.9770
0.9829
0.9850
0.9854
0.9700
0.9853
0.9861
0.9854
0.9853
0.9831
0.9827
0.9750
0.9747
0.9790
0.9795
0.9720
0.9801
0.9806
0.9760
0.9767
0.9810
0.9817
0.9899
0.9899
0.9909
0.9931
0.9724
0.9905
0.9938
0.9903
0.9933
0.9888
0.9919
0.9902
0.9747
0.9766
0.9787
0.9717
0.9804
0.9780
0.9745
0.9766
0.9811
0.9824
0.9849
0.9860
0.9864
0.9868
0.9735
0.9832
0.9842
0.9839
0.9882
0.9853
0.9853
0.9828
0.9753
0.9747
0.9800
0.9745
0.9813
0.9789
0.9766
0.9822
0.9911
0.9895
0.9905
0.9924
0.9861
0.9911
0.9742
0.9785
0.9902
0.9814
0.9902
0.9845
0.9892
0.9846
0.9771
0.9761
0.9798
0.9825
