33.9758
34.7541
36.1189
36.4197
35.9916
35.6445
21.7906
26.3894
23.5255
21.6578
21.7022
22.4902
23.3544
35.9257
20.0729
18.7163
20.4030
25.5950
23.0180
21.8976
21.5362
23.5308
35.3924
34.8595
36.0902
36.2375
36.3630
36.1528
21.4298
23.2443
22.1423
24.4564
24.8884
21.2513
21.4621
36.1497
21.5734
21.9253
21.9434
23.9231
22.4816
22.6093
22.3832
23.7587
35.5158
34.7392
36.0296
36.2259
36.3595
36.4182
21.6999
24.4949
22.6325
25.5582
25.8203
21.1571
21.3637
35.6088
21.5103
21.9855
22.0226
24.3925
22.7768
22.9723
22.7905
23.7542
35.4566
34.4630
29.6151
35.8773
36.0670
36.1086
21.6111
24.2138
22.7030
24.0000
24.3655
22.5653
23.7981
25.7792
23.2309
25.1897
23.3357
24.9301
22.9285
21.9829
21.7331
23.5514
35.4271
35.1996
35.0268
35.9867
36.1934
36.0560
22.2878
34.1035
25.0427
27.3261
27.5124
23.7736
26.2595
34.7271
24.6787
29.8980
25.0605
29.4928
24.7071
22.9582
22.7410
23.3016
35.4754
35.0116
35.5418
35.6885
35.9460
36.0475
33.1218
20.3290
20.9486
20.8439
21.4901
21.8704
21.6216
22.2012
36.1509
22.1740
22.7471
22.2830
22.5385
22.2653
22.3716
21.6764
21.9908
35.1385
34.6196
36.7169
19.6433
18.5324
18.9722
20.4528
20.1213
20.6580
21.3116
24.8963
21.0697
21.5295
20.6614
20.9601
20.1584
20.6373
20.8325
23.4346
35.6611
35.2353
36.9935
36.2924
36.9692
36.0240
19.4202
17.6864
17.9850
22.2585
22.3677
24.3603
29.8003
36.4465
25.4007
34.4808
25.1535
33.5469
24.4940
31.7381
27.9836
23.2053
36.4259
36.0514
36.0694
36.5753
36.5942
36.7592
19.7972
18.4286
18.6290
21.3641
21.6622
22.8918
25.0357
36.3119
23.2075
24.3932
22.7827
24.9354
22.5091
23.6645
22.9443
23.1418
36.4717
35.8284
36.3217
36.5051
36.3599
36.0856
21.9688
30.4808
24.3395
21.8856
21.8251
22.7689
23.9915
36.4287
19.8262
18.4008
20.2392
27.4318
23.3478
22.0854
21.6501
23.2331
35.5933
35.2660
26.9773
0.8255
0.8466
0.8979
0.8653
0.8771
0.8846
0.7020
0.8371
0.7882
0.8198
0.8331
0.7847
0.8295
0.8983
0.7194
0.6730
0.7118
0.8378
0.7642
0.7321
0.7029
0.7664
0.8766
0.8697
0.8943
0.8649
0.8758
0.8853
0.6899
0.7631
0.7377
0.8380
0.8584
0.7348
0.7583
0.8883
0.7830
0.8363
0.7825
0.8272
0.7631
0.7590
0.7397
0.7723
0.8743
0.8683
0.8837
0.8590
0.8744
0.8803
0.6988
0.7893
0.7511
0.8570
0.8755
0.7293
0.7578
0.8759
0.7783
0.8400
0.7860
0.8380
0.7739
0.7691
0.7501
0.7729
0.8767
0.8690
0.8474
0.8553
0.8714
0.8778
0.6939
0.7912
0.7525
0.8155
0.8330
0.7550
0.7989
0.7957
0.7868
0.8457
0.7890
0.8339
0.7711
0.7128
0.6941
0.7601
0.8730
0.8636
0.8508
0.8492
0.8635
0.8731
0.7158
0.8946
0.8193
0.8914
0.9010
0.7818
0.8387
0.8373
0.8168
0.9011
0.8295
0.8989
0.8218
0.7453
0.7265
0.7495
0.8718
0.8583
0.8618
0.8442
0.8404
0.8610
0.8633
0.6102
0.6526
0.6528
0.6962
0.7179
0.6964
0.7230
0.8620
0.7242
0.7494
0.7279
0.7377
0.7174
0.7039
0.6588
0.6860
0.8655
0.8511
0.8741
0.5896
0.4988
0.5192
0.6092
0.6310
0.6659
0.7007
0.7867
0.6855
0.7117
0.6633
0.6804
0.6299
0.6579
0.6457
0.7503
0.8619
0.8527
0.8752
0.8543
0.8711
0.8744
0.5851
0.4601
0.4871
0.7471
0.7597
0.8216
0.9037
0.8824
0.8399
0.9236
0.8324
0.9150
0.8110
0.9015
0.8714
0.7490
0.8674
0.8612
0.8882
0.8580
0.8702
0.8770
0.6069
0.5142
0.5355
0.7185
0.7388
0.7821
0.8427
0.8926
0.7972
0.8400
0.7766
0.8296
0.7499
0.7936
0.7677
0.7519
0.8724
0.8661
0.8967
0.8640
0.8725
0.8810
0.7100
0.8728
0.8078
0.8430
0.8525
0.7945
0.8433
0.8964
0.7108
0.6597
0.7053
0.8639
0.7729
0.7383
0.7104
0.7604
0.8778
0.8712
0.7908
